3
16
38
51
76
84
108
136
165
197
208
233
278
295
330
337
343
350
360
390
403
446
456
467
500
528
536
541
580
592
595
621
623
637
650
671
697
704
709
728
745
785
794
801
802
831
840
863
881
898
900
908
922
929
936
959
961
966
978
986
1004
1012
1059
1068
1074
1104
1119
1139
1140
1146
1163
1185
1241
1251
1257
1260
1363
1376
1387
1390
1391
1404
1441
1480
1487
1504
1535
1540
1548
1549
1576
1592
1609
1631
1635
1640
1676
1686
1691
1709
1711
1735
1757
1767
1774
1778
1782
1802
1818
1820
1840
1857
1870
1880
1905
1917
1938
1946
1958
2000
2003
2005
2025
2028
2044
2057
2067
2076
2116
2122
2135
2159
2184
2188
2203
2220
2253
2258
2266
2291
2295
2310
2315
2339
2354
2373
2398
2412
2423
2431
2459
2471
2487
2560
2595
2615
2649
2661
2673
2693
2699
2712
2743
2744
2754
2760
2785
2806
2817
2886
2890
2911
2928
2977
3020
3032
3040
3062
3076
3077
3078
3110
3133
3177
3180
3203
3229
3249
3267
3277
3292
3320
3325
3344
3355
3377
3387
3396
3412
3447
3451
3483
3497
3512
3521
3529
3561
3565
3575
3596
3607
3612
3631
3634
3658
3704
3722
3730
3733
3734
3755
3762
3829
3842
3846
3852
3867
3886
3915
3916
3920
3923
3928
3979
3981
3991
4000
4013
4014
4054
4073
4077
4094
4119
4126
4156
4158
4176
4204
4224
4249
4278
4322
4330
4383
4391
4416
4425
4430
4436
4442
4446
4447
4461
4463
4464
4486
4496
4512
4514
4532
4536
4548
4550
4569
4590
4631
4650
4660
4661
4673
4686
4703
4709
4722
4728
4733
4784
4793
4794
4802
4815
4816
4826
4835
4842
4846
4915
4919
4924
4961
4974
4988
5016
5044
5046
5052
5088
5100
5112
5124
5131
5137
5139
5166
5175
5181
5182
5213
5233
5258
5305
5313
5319
5328
5341
5344
5355
5400
5416
5443
5452
5457
5461
5483
5485
5487
5498
5513
5517
5519
5524
5551
5573
5599
5623
5640
5644
5651
5669
5701
5707
5711
5724
5734
5759
5764
5782
5801
5806
5810
5819
5831
5847
5852
5862
5864
5879
5881
5967
6027
6071
6085
6099
6107
6119
6134
6142
6150
6166
6168
6170
6203
6206
6211
6241
6242
6259
6275
6276
6290
6296
6306
6308
6329
6330
6331
6333
6347
6365
6382
6385
6406
6409
6449
6450
6459
6500
6502
6515
6527
6530
6532
6538
6539
6546
6552
6569
6570
6576
6580
6582
6590
6601
6617
6675
6705
6706
6723
6747
6749
6793
6827
6834
6877
6880
6896
6913
6922
6924
6946
6952
6969
6998
7005
7007
7011
7044
7087
7099
7106
7118
7122
7141
7161
7185
7206
7239
7264
7270
7307
7338
7351
7361
7376
7380
7405
7412
7415
7448
7491
7492
7497
7510
7517
7547
7587
7592
7594
7616
7618
7665
7681
7685
7724
7725
7748
7755
7757
7781
7793
7801
7826
7828
7849
7882
7902
7904
7907
7926
7938
7950
7959
7969
7970
8006
8020
8026
8033
8038
8047
8053
8075
8076
8086
8115
8119
8131
8139
8151
8156
8161
8203
8217
8226
8227
8238
8254
8262
8300
8348
8354
8362
8363
8365
8401
8403
8406
8431
8462
8467
8476
8480
8485
8495
8501
8520
8529
8566
8582
8589
8590
8595
8622
8644
8645
8655
8669
8688
8718
8726
8742
8752
8796
8804
8811
8812
8819
8825
8850
8858
8873
8876
8926
8936
8939
8950
8962
8988
9003
9009
9026
9046
9067
9088
9090
9099
9107
9108
9115
9124
9126
9159
9174
9181
9194
9225
9235
9255
9256
9261
9276
9283
9304
9311
9312
9315
9316
9390
9392
9402
9404
9421
9423
9446
9504
9523
9576
9593
9620
9623
9638
9661
9675
9676
9695
9713
9740
9743
9744
9765
9787
9795
9805
9824
9829
9835
9847
9854
9865
9868
9871
9893
9901
9933
9969
9979
9982
10008
10022
10026
10047
10068
10112
10149
10156
10161
10205
10212
10216
10223
10226
10234
10280
10292
10305
10314
10318
10336
10390
10398
10455
10470
10473
10492
10500
10526
10540
10577
10604
10623
10625
10638
10640
10641
10666
10669
10695
10703
10707
10714
10730
10744
10748
10757
10773
10778
10786
10791
10804
10822
10832
10835
10836
10856
10859
10890
10909
10931
10941
10954
10969
10993
10996
11011
11017
11032
11038
11067
11108
11114
11116
11124
11138
11142
11143
11144
11146
11147
11154
11214
11239
11265
11272
11295
11299
11312
11314
11315
11330
11369
11418
11419
11431
11434
11461
11482
11524
11536
11546
11552
11558
11564
11565
11566
11569
11581
11640
11665
11685
11688
11691
11702
11749
11775
11779
11806
11892
11927
11953
11957
11989
12011
12013
12021
12038
12058
12106
12109
12116
12133
12150
12166
12182
12210
12230
12261
12279
12330
12333
12353
12371
12379
12380
12439
12440
12446
12452
12458
12474
12487
12504
12518
12571
12576
12659
12668
12672
12720
12734
12776
12801
12823
12834
12878
12913
12914
12923
12954
12981
12986
13023
13060
13066
13087
13131
13153
13181
13196
13210
13232
13234
13266
13279
13282
13314
13326
13327
13340
13362
13382
13384
13401
13430
13450
13454
13465
13496
13518
13530
13532
13533
13552
13567
13598
13607
13615
13636
13638
13660
13711
13713
13724
13726
13754
13776
13792
13795
13808
13820
13825
13845
13849
13866
13870
13874
13881
13915
13926
13933
13971
13977
14008
14020
14024
14043
14049
14054
14061
14063
14065
14068
14070
14078
14098
14145
14165
14190
14192
14193
14197
14207
14221
14225
14232
14247
14282
14290
14300
14308
14312
14313
14320
14323
14325
14330
14338
14353
14363
14377
14378
14405
14431
14437
14445
14458
14471
14499
14507
14519
14526
14537
14538
14544
14612
14638
14648
14656
14661
14686
14727
14728
14777
14778
14785
14788
14811
14843
14880
14957
14981
15014
15024
15043
15054
15055
15072
15081
15092
15105
15136
15151
15156
15196
15207
15231
15257
15260
15280
15283
15303
15316
15329
15349
15365
15407
15423
15438
15457
15473
15482
15512
15584
15589
15594
15599
15613
15624
15654
15734
15738
15741
15751
15775
15792
15797
15800
15816
15830
15851
15852
15882
15911
15949
15950
15984
16008
16015
16016
16047
16108
16110
16114
16120
16134
16156
16176
16179
16239
16251
16258
16260
16279
16314
16323
16334
16347
16369
16387
16388
16391
16410
16425
16459
16465
16478
16494
16501
16525
16545
16550
16551
16580
16584
16606
16612
16633
16641
16647
16654
16675
16755
16771
16777
16798
16808
16866
16948
16957
16988
17001
17023
17034
17064
17065
17074
17085
17123
17139
17151
17159
17177
17180
17203
17244
17276
17295
17298
17316
17323
17328
17332
17342
17352
17358
17362
17371
17397
17406
17444
17454
17471
17485
17497
17511
17543
17549
17559
17572
17575
17583
17612
17630
17648
17653
17659
17672
17711
17721
17735
17741
17776
17788
17790
17820
17827
17856
17906
17908
17917
17953
17975
17983
18007
18014
18024
18053
18067
18095
18118
18124
18136
18142
18161
18173
18216
18228
18238
18243
18289
18324
18339
18376
18422
18440
18452
18470
18474
18476
18507
18516
18542
18594
18600
18621
18630
18642
18682
18683
18717
18724
18767
18804
18823
18828
18845
18858
18863
18880
18889
18936
18945
18948
18961
18972
18981
18986
18991
19008
19017
19063
19074
19086
19088
19094
19108
19112
19127
19135
19147
19170
19190
19195
19206
19210
19222
19237
19259
19290
19292
19323
19343
19353
19389
19415
19428
19460
19479
19493
19549
19589
19595
19599
19620
19638
19639
19652
19658
19665
19711
19722
19736
19750
19771
19797
19813
19823
19827
19828
19840
19850
19871
19891
19900
19901
19907
19909
19911
19912
19925
19954
19978
19994
20005
20031
20061
20089
20107
20116
20119
20124
20135
20141
20169
20185
20228
20229
20231
20248
20269
20273
20293
20299
20306
20348
20355
20360
20367
20389
20398
20400
20401
20403
20410
20461
20495
20512
20514
20520
20540
20553
20557
20564
20571
20583
20588
20592
20598
20613
20618
20652
20657
20660
20674
20685
20697
20718
20768
20784
20791
20793
20814
20820
20852
20853
20870
20872
20913
20921
20930
20953
20965
20984
20988
21000
21025
21032
21054
21070
21080
21082
21105
21122
21131
21134
21143
21164
21168
21184
21193
21203
21222
21230
21254
21261
21267
21268
21277
21281
21304
21323
21338
21366
21368
21393
21412
21415
21438
21445
21447
21469
21475
21495
21500
21503
21509
21560
21579
21596
21606
21608
21611
21635
21667
21696
21713
21734
21741
21744
21745
21771
21777
21787
21804
21825
21843
21850
21851
21867
21875
21965
21980
21994
22000
22004
22090
22116
22124
22156
22191
22201
22218
22248
22256
22263
22278
22296
22318
22320
22334
22341
22350
22358
22377
22404
22416
22443
22495
22497
22508
22529
22537
22540
22569
22570
22587
22629
22671
22691
22727
22733
22750
22753
22779
22803
22819
22846
22854
22862
22885
22913
22952
22997
23014
23054
23062
23073
23103
23112
23116
23133
23183
23208
23237
23253
23263
23267
23272
23279
23297
23315
23318
23320
23338
23368
23404
23407
23418
23423
23428
23443
23463
23485
23509
23547
23582
23598
23599
23600
23602
23630
23635
23641
23642
23643
23650
23654
23658
23665
23675
23695
23704
23725
23734
23735
23736
23753
23768
23776
23830
23832
23839
23849
23854
23867
23868
23872
23873
23882
23897
23922
23972
23997
23999
24007
24015
24048
24051
24075
24093
24094
24096
24101
24111
24125
24159
24171
24189
24199
24202
24231
24238
24244
24247
24251
24260
24272
24275
24289
24299
24318
24326
24331
24374
24398
24418
24453
24466
24491
24497
24515
24519
24520
24529
24539
24577
24595
24601
24603
24612
24638
24684
24700
24717
24723
24748
24749
24771
24780
24797
24809
24821
24826
24850
24869
24877
24878
24902
24903
24920
24993
25004
25010
25020
25023
25031
25048
25061
25062
25064
25097
25116
25130
25142
25147
25181
25214
25229
25244
25259
25265
25269
25282
25291
25301
25309
25352
25367
25392
25396
25410
25434
25437
25446
25450
25475
25484
25522
25533
25559
25566
25572
25577
25578
25582
25620
25628
25647
25669
25670
25678
25679
25686
25710
25724
25736
25770
25772
25776
25781
25783
25818
25825
25831
25847
25879
25880
25883
25900
25910
25912
25922
25943
25972
25998
26049
26094
26115
26124
26132
26217
26229
26244
26248
26256
26257
26259
26274
26286
26296
26306
26310
26327
26344
26346
26438
26447
26479
26527
26577
26584
26592
26598
26605
26611
26621
26632
26636
26647
26693
26722
26730
26763
26777
26799
26824
26835
26845
26873
26913
26925
26949
26958
26971
26985
26989
27002
27003
27015
27079
27104
27120
27127
27143
27148
27161
27167
27187
27189
27214
27220
27281
27298
27301
27308
27325
27343
27358
27373
27379
27381
27412
27417
27423
27439
27442
27489
27503
27510
27518
27536
27555
27574
27594
27596
27597
27600
27609
27620
27664
27665
27669
27678
27707
27729
27741
27742
27750
27753
27755
27804
27806
27836
27854
27865
27900
27932
27942
27960
27973
27979
27982
27992
28013
28024
28035
28069
28094
28105
28142
28160
28171
28172
28176
28180
28186
28190
28206
28214
28218
28219
28235
28251
28314
28316
28358
28379
28381
28400
28414
28416
28435
28470
28471
28502
28515
28561
28579
28606
28608
28612
28620
28642
28646
28657
28670
28676
28692
28709
28713
28714
28717
28762
28804
28811
28822
28823
28826
28839
28843
28847
28887
28899
28908
28936
28966
28978
28991
29028
29043
29060
29080
29096
29097
29119
29131
29133
29171
29175
29176
29181
29187
29262
29327
29366
29388
29395
29397
29410
29425
29429
29452
29461
29466
29480
29491
29511
29531
29540
29558
29589
29630
29634
29647
29675
29690
29728
29750
29779
29803
29810
29819
29839
29843
29845
29856
29873
29881
29885
29899
29906
29944
29950
29952
29963
29976
29997
30008
30022
30036
30039
30054
30081
30108
30112
30132
30142
30151
30208
30247
30255
30275
30291
30312
30353
30357
30370
30383
30389
30390
30405
30411
30437
30455
30495
30504
30535
30549
30561
30563
30573
30586
30615
30625
30641
30645
30656
30657
30677
30686
30701
30723
30739
30748
30758
30779
30800
30815
30830
30847
30871
30874
30876
30881
30890
30918
30938
30951
30974
30985
30990
30999
31011
31015
31030
31059
31095
31108
31113
31128
31195
31210
31225
31231
31267
31277
31288
31326
31353
31392
31397
31409
31415
31436
31440
31448
31451
31480
31482
31485
31487
31522
31538
31561
31590
31618
31629
31636
31645
31659
31692
31709
31752
31756
31799
31800
31827
31894
31926
31941
31977
32022
32067
32094
32111
32115
32119
32143
32161
32251
32259
32305
32309
32316
32324
32347
32352
32374
32383
32387
32414
32499
32522
32528
32551
32563
32577
32602
32624
32626
32648
32654
32682
32710
32722
32741
32774
32775
32778
32781
32802
32811
32812
32826
32879
32882
32896
32905
32915
32917
32918
32927
32935
32960
32973
33010
33029
33043
33119
33123
33137
33168
33198
33230
33256
33277
33306
33318
33344
33350
33371
33375
33379
33386
33423
33432
33444
33469
33482
33498
33501
33511
33520
33534
33541
33544
33560
33563
33571
33589
33592
33617
33626
33642
33654
33657
33663
33672
33704
33711
33714
33726
33734
33745
33754
33758
33763
33821
33845
33851
33871
33890
33893
33911
33925
33933
33943
33950
33952
33986
34004
34031
34036
34052
34070
34076
34094
34140
34150
34158
34165
34175
34176
34178
34189
34213
34220
34232
34256
34265
34271
34281
34294
34296
34299
34307
34318
34336
34368
34389
34413
34476
34488
34492
34533
34538
34540
34542
34550
34565
34571
34605
34611
34622
34631
34650
34705
34761
34774
34779
34795
34803
34815
34863
34877
34901
34920
34961
34968
35002
35028
35053
35061
35090
35097
35109
35138
35145
35175
35193
35203
35218
35224
35250
35251
35253
35256
35261
35265
35283
35289
35328
35353
35378
35396
35408
35409
35440
35452
35474
35475
35482
35484
35487
35490
35501
35505
35551
35563
35568
35631
35642
35665
35670
35676
35686
35693
35699
35717
35739
35760
35771
35788
35826
35849
35859
35866
35868
35874
35911
35916
35928
35932
35935
35965
35971
35992
36021
36040
36046
36095
36103
36107
36118
36121
36159
36180
36185
36211
36221
36255
36267
36287
36300
36303
36319
36350
36352
36355
36387
36418
36424
36432
36452
36465
36466
36485
36505
36523
36552
36565
36581
36604
36610
36627
36629
36671
36672
36675
36684
36685
36689
36705
36715
36721
36728
36751
36776
36780
36791
36821
36841
36853
36872
36883
36889
36898
36948
36975
36994
37008
37014
37019
37037
37060
37064
37074
37135
37145
37170
37195
37217
37238
37242
37262
37282
37302
37308
37318
37319
37340
37354
37360
37381
37384
37397
37443
37454
37469
37473
37518
37533
37537
37570
37593
37621
37636
37669
37678
37696
37709
37716
37722
37729
37759
37782
37805
37812
37847
37850
37856
37857
37901
37923
37928
37949
37986
37988
38027
38036
38037
38054
38062
38086
38090
38099
38106
38119
38128
38135
38161
38179
38189
38193
38214
38230
38240
38260
38267
38275
38282
38329
38333
38369
38385
38390
38403
38405
38436
38457
38467
38498
38499
38518
38519
38588
38625
38636
38657
38664
38675
38697
38738
38756
38803
38824
38838
38845
38865
38881
38942
38945
38956
38970
38989
39001
39007
39023
39032
39064
39085
39100
39106
39153
39155
39156
39198
39214
39217
39239
39242
39275
39301
39303
39309
39312
39361
39373
39398
39404
39413
39414
39417
39435
39445
39449
39452
39455
39458
39500
39527
39535
39536
39543
39605
39607
39622
39629
39630
39641
39672
39673
39674
39680
39698
39721
39732
39735
39761
39788
39806
39852
39860
39863
39879
39909
39944
39952
40009
40017
40033
40055
40066
40080
40087
40115
40116
40129
40151
40158
40208
40247
40274
40290
40291
40312
40315
40332
40336
40339
40362
40370
40374
40395
40399
40404
40419
40425
40427
40462
40494
40498
40514
40542
40561
40571
40581
40586
40614
40636
40644
40647
40660
40734
40740
40741
40758
40762
40790
40799
40803
40804
40806
40830
40837
40840
40876
40884
40910
40961
40962
40968
41016
41034
41069
41084
41126
41137
41158
41167
41172
41198
41203
41209
41211
41213
41231
41243
41246
41249
41265
41276
41293
41314
41350
41414
41424
41449
41483
41491
41505
41509
41517
41551
41569
41570
41575
41577
41596
41621
41673
41674
41685
41686
41704
41705
41715
41716
41720
41741
41742
41744
41762
41778
41790
41824
41841
41844
41850
41865
41876
41898
41922
41931
41952
41955
41966
41979
42033
42047
42053
42082
42087
42102
42112
42125
42157
42161
42168
42176
42199
42211
42224
42231
42301
42308
42315
42317
42325
42334
42355
42357
42370
42375
42422
42434
42435
42465
42468
42470
42475
42486
42504
42509
42531
42533
42545
42591
42636
42650
42671
42726
42735
42768
42769
42775
42777
42789
42813
42819
42822
42830
42847
42862
42878
42884
42890
42920
42922
42938
42948
42984
42991
42993
43002
43007
43030
43053
43076
43083
43084
43087
43101
43135
43151
43166
43193
43197
43206
43237
43239
43269
43289
43307
43312
43326
43350
43388
43406
43415
43433
43435
43460
43461
43477
43490
43508
43525
43551
43563
43571
43580
43582
43592
43600
43608
43611
43629
43651
43668
43676
43679
43684
43686
43693
43701
43713
43737
43759
43776
43795
43798
43816
43827
43837
43844
43860
43877
43961
43973
43999
44056
44108
44123
44148
44182
44212
44216
44245
44252
44258
44261
44281
44312
44377
44431
44433
44447
44460
44486
44506
44529
44536
44559
44649
44665
44673
44699
44705
44709
44768
44799
44811
44818
44822
44835
44837
44881
44882
44898
44916
44927
44941
44964
44990
44993
45075
45102
45115
45121
45145
45148
45160
45178
45183
45198
45201
45220
45233
45260
45295
45300
45314
45339
45348
45356
45361
45375
45386
45392
45424
45430
45436
45468
45479
45485
45505
45509
45539
45549
45559
45560
45587
45603
45637
45684
45693
45730
45746
45760
45805
45832
45846
45855
45865
45875
45896
45931
45968
45990
46012
46015
46017
46018
46019
46030
46091
46096
46138
46176
46187
46200
46232
46271
46293
46310
46314
46331
46356
46377
46380
46415
46423
46452
46461
46471
46511
46525
46564
46572
46591
46597
46600
46615
46628
46639
46652
46681
46686
46718
46727
46733
46745
46760
46778
46818
46825
46870
46873
46886
46907
46908
46935
46964
46989
46994
47016
47018
47032
47047
47090
47113
47123
47129
47134
47151
47165
47176
47190
47231
47235
47244
47253
47270
47275
47284
47304
47312
47368
47389
47427
47450
47460
47466
47472
47478
47479
47499
47500
47554
47564
47572
47594
47595
47598
47600
47605
47614
47615
47622
47634
47639
47649
47651
47652
47674
47683
47690
47693
47714
47721
47730
47735
47742
47770
47811
47812
47820
47837
47838
47847
47848
47862
47871
47891
47905
47916
47927
47941
48025
48028
48029
48040
48063
48064
48065
48080
48128
48148
48155
48162
48189
48202
48204
48238
48242
48273
48331
48333
48346
48361
48364
48365
48366
48369
48398
48414
48432
48443
48477
48484
48487
48488
48519
48530
48556
48557
48575
48576
48594
48598
48622
48635
48637
48639
48662
48665
48680
48684
48723
48753
48763
48764
48765
48772
48810
48877
48912
48917
48940
48947
48949
48956
48967
48982
48983
48999
49047
49053
49065
49087
49096
49113
49124
49142
49165
49175
49206
49217
49239
49242
49285
49291
49304
49316
49317
49322
49332
49351
49374
49380
49388
49418
49421
49428
49440
49443
49444
49463
49513
49517
49520
49525
49540
49552
49576
49580
49602
49646
49650
49652
49655
49665
49666
49671
49682
49690
49712
49750
49763
49790
49808
49823
49847
49860
49871
49899
49906
49917
49923
49964
50015
50035
50043
50052
50077
50098
50111
50161
50163
50170
50181
50185
50205
50220
50235
50258
50274
50283
50293
50318
50348
50369
50372
50405
50419
50437
50462
50464
50465
50503
50546
50555
50561
50564
50594
50598
50658
50674
50693
50695
50700
50703
50713
50718
50719
50748
50751
50757
50771
50781
50786
50799
50821
50828
50836
50852
50876
50906
50907
50956
50967
50987
50992
50994
51018
51019
51036
51049
51076
51086
51092
51095
51101
51131
51141
51145
51146
51154
51169
51184
51188
51215
51229
51240
51277
51292
51311
51326
51334
51346
51361
51375
51381
51403
51424
51425
51456
51493
51497
51502
51510
51515
51537
51549
51567
51573
51589
51603
51628
51649
51666
51682
51688
51725
51738
51744
51756
51758
51776
51790
51796
51803
51814
51846
51848
51849
51854
51868
51879
51900
51912
51920
51936
51966
51974
51975
51989
52004
52037
52057
52059
52061
52069
52095
52100
52104
52117
52120
52144
52164
52167
52203
52213
52222
52226
52252
52273
52278
52291
52292
52303
52307
52311
52324
52341
52342
52346
52348
52378
52385
52392
52402
52410
52415
52416
52446
52453
52457
52467
52483
52522
52537
52547
52570
52608
52644
52654
52697
52776
52784
52791
52802
52856
52875
52880
52889
52904
52935
52988
52993
52998
53003
53007
53012
53027
53042
53074
53076
53097
53103
53150
53158
53190
53199
53230
53243
53245
53267
53271
53303
53309
53311
53354
53371
53412
53438
53441
53450
53455
53456
53475
53488
53498
53508
53509
53516
53522
53530
53609
53620
53628
53635
53669
53676
53679
53697
53705
53708
53714
53716
53723
53725
53744
53747
53760
53768
53808
53819
53837
53854
53859
53865
53891
53908
53917
53924
53951
53953
53957
53971
53999
54003
54023
54039
54048
54101
54105
54107
54154
54162
54171
54183
54202
54208
54237
54267
54290
54294
54348
54356
54395
54425
54459
54485
54497
54505
54508
54513
54523
54554
54580
54605
54636
54640
54658
54667
54689
54707
54721
54725
54727
54728
54747
54753
54767
54800
54801
54809
54814
54832
54851
54893
54910
54927
54931
54945
54955
54977
54992
55013
55031
55048
55062
55073
55086
55102
55144
55156
55183
55205
55221
55236
55257
55284
55304
55307
55323
55359
55373
55375
55406
55416
55443
55446
55472
55498
55501
55524
55541
55579
55580
55582
55598
55608
55614
55634
55638
55642
55645
55651
55658
55663
55669
55710
55712
55718
55753
55765
55768
55770
55786
55844
55845
55866
55870
55890
55906
55908
55910
55970
56040
56044
56049
56069
56075
56097
56102
56149
56198
56210
56237
56248
56259
56291
56301
56311
56317
56335
56356
56388
56408
56416
56499
56502
56526
56552
56557
56565
56575
56588
56592
56619
56621
56634
56652
56653
56678
56690
56711
56713
56736
56741
56758
56803
56813
56834
56843
56859
56876
56890
56912
56920
56927
56938
56967
56980
56982
56994
57043
57074
57100
57133
57136
57144
57146
57180
57324
57325
57331
57336
57340
57355
57371
57393
57428
57451
57481
57506
57512
57550
57574
57581
57582
57635
57642
57649
57698
57711
57722
57732
57743
57755
57759
57776
57781
57782
57791
57817
57842
57870
57872
57883
57891
57894
57937
58000
58005
58009
58011
58020
58031
58032
58033
58036
58044
58080
58081
58089
58099
58102
58107
58108
58112
58126
58132
58135
58146
58147
58148
58152
58174
58185
58216
58221
58224
58227
58278
58286
58288
58302
58341
58365
58370
58384
58397
58444
58450
58458
58460
58507
58511
58512
58513
58516
58542
58563
58574
58583
58589
58668
58675
58706
58714
58794
58838
58875
58881
58903
58911
58926
58940
58951
58996
59007
59019
59061
59062
59100
59111
59130
59134
59160
59179
59212
59247
59256
59273
59283
59293
59312
59318
59363
59402
59440
59445
59476
59484
59490
59494
59495
59513
59524
59548
59550
59561
59562
59575
59586
59629
59635
59661
59675
59699
59707
59721
59724
59727
59754
59786
59791
59853
59855
59858
59864
59916
59941
59946
59978
59984
60046
60047
60066
60078
60094
60103
60112
60119
60130
60132
60143
60163
60228
60237
60248
60282
60284
60356
60381
60391
60392
60454
60465
60481
60490
60510
60521
60541
60570
60575
60576
60605
60619
60626
60659
60664
60670
60692
60716
60721
60727
60729
60744
60750
60768
60782
60799
60803
60807
60821
60826
60830
60838
60840
60850
60855
60888
60889
60916
60933
60950
60986
61013
61027
61034
61059
61071
61086
61098
61126
61128
61129
61135
61137
61157
61159
61168
61171
61178
61186
61248
61250
61274
61276
61323
61329
61350
61355
61366
61379
61385
61395
61416
61425
61431
61435
61457
61458
61500
61505
61509
61511
61512
61551
61563
61579
61586
61605
61636
61643
61649
61661
61684
61713
61714
61719
61728
61748
61754
61770
61772
61778
61783
61797
61808
61811
61822
61839
61844
61893
61898
61932
61952
61976
61979
61987
62006
62007
62020
62024
62088
62129
62148
62157
62194
62226
62237
62254
62255
62260
62263
62272
62283
62286
62309
62322
62324
62329
62342
62345
62366
62387
62406
62415
62472
62473
62485
62488
62492
62494
62496
62552
62557
62617
62620
62624
62636
62650
62655
62658
62670
62691
62712
62724
62731
62761
62786
62790
62794
62804
62813
62817
62825
62834
62841
62847
62852
62856
62881
62883
62897
62927
62955
62969
62995
63013
63018
63020
63030
63035
63092
63117
63145
63157
63163
63189
63191
63202
63205
63210
63249
63254
63276
63281
63317
63331
63338
63353
63359
63376
63386
63407
63418
63457
63472
63505
63510
63539
63572
63589
63596
63602
63615
63637
63661
63672
63694
63696
63702
63735
63753
63754
63783
63786
63825
63828
63834
63840
63859
63862
63868
63875
63904
63950
63960
63984
63991
63994
63996
64029
64034
64056
64057
64119
64146
64157
64168
64190
64197
64206
64210
64220
64221
64232
64234
64236
64241
64251
64262
64268
64284
64287
64289
64295
64301
64321
64335
64337
64359
64362
64368
64386
64387
64401
64411
64427
64432
64456
64474
64495
64501
64502
64510
64524
64527
64557
64562
64582
64583
64602
64604
64626
64628
64650
64659
64666
64717
64739
64748
64751
64766
64795
64806
64833
64840
64847
64860
64889
64891
64978
64986
64995
65030
65032
65068
65078
65097
65106
65116
65151
65170
65184
65225
65255
65267
65318
65335
65336
65360
65392
65398
65437
65447
65452
65495
65502
65559
65589
65595
65624
65637
65638
65643
65658
65668
65683
65710
65756
65760
65779
65781
65796
65800
65829
65831
65832
65866
65878
65906
65951
65959
65964
65969
65971
65988
65989
65992
65994
66000
66016
66059
66070
66098
66132
66142
66145
66160
66183
66205
66212
66223
66242
66244
66255
66287
66295
66325
66344
66355
66359
66381
66393
66401
66414
66417
66476
66498
66547
66568
66598
66618
66632
66646
66654
66666
66673
66695
66721
66731
66794
66853
66854
66861
66882
66889
66911
66915
66931
66938
66954
66978
66986
66993
67023
67039
67040
67067
67097
67102
67105
67113
67114
67123
67125
67165
67205
67247
67251
67284
67301
67311
67327
67360
67361
67370
67372
67389
67403
67438
67451
67480
67509
67522
67528
67533
67542
67546
67551
67555
67558
67560
67569
67583
67586
67589
67596
67650
67655
67662
67714
67725
67728
67746
67748
67759
67780
67796
67813
67825
67851
67865
67868
67902
67903
67926
67929
67939
67962
67970
67973
67989
67997
68016
68018
68022
68036
68038
68047
68054
68070
68113
68120
68140
68147
68165
68172
68189
68224
68245
68290
68327
68330
68331
68333
68350
68355
68360
68362
68363
68373
68408
68416
68428
68433
68448
68454
68486
68489
68493
68498
68526
68545
68559
68585
68591
68615
68621
68622
68635
68651
68659
68700
68702
68703
68710
68713
68758
68771
68780
68781
68791
68793
68794
68799
68800
68804
68807
68836
68848
68863
68892
68910
68940
68943
68953
68955
68959
68962
68966
68971
68972
69042
69065
69098
69109
69127
69137
69145
69158
69166
69175
69178
69179
69188
69200
69202
69235
69247
69275
69289
69292
69330
69352
69376
69378
69434
69459
69460
69493
69512
69570
69599
69610
69638
69640
69657
69678
69683
69707
69717
69742
69763
69773
69788
69792
69804
69806
69824
69830
69837
69844
69870
69875
69876
69881
69911
69970
69975
70033
70045
70050
70062
70122
70152
70184
70195
70200
70218
70229
70240
70249
70253
70289
70298
70313
70320
70322
70327
70343
70352
70355
70359
70370
70372
70387
70482
70524
70549
70554
70561
70568
70570
70622
70631
70663
70667
70685
70707
70717
70742
70743
70747
70799
70801
70814
70824
70836
70842
70870
70900
70916
70948
70950
70957
70963
70968
71044
71056
71065
71085
71105
71110
71123
71132
71155
71158
71164
71167
71184
71191
71208
71240
71253
71264
71288
71292
71314
71321
71326
71341
71368
71376
71388
71403
71423
71441
71444
71451
71461
71476
71493
71496
71518
71531
71536
71572
71595
71597
71614
71627
71630
71647
71651
71662
71675
71679
71690
71697
71703
71715
71724
71748
71756
71798
71835
71837
71849
71876
71918
71959
71990
72016
72038
72046
72047
72054
72068
72110
72136
72175
72211
72222
72254
72260
72264
72276
72282
72294
72299
72325
72338
72367
72374
72388
72389
72414
72457
72477
72562
72616
72625
72633
72653
72663
72731
72773
72779
72782
72793
72807
72825
72828
72844
72886
72911
72928
72944
72948
72951
72959
72966
72971
72994
73023
73096
73097
73101
73112
73130
73142
73157
73160
73190
73191
73202
73211
73237
73249
73283
73290
73311
73324
73330
73334
73365
73366
73378
73379
73440
73441
73472
73489
73523
73549
73571
73617
73618
73635
73642
73646
73664
73680
73700
73712
73752
73765
73778
73820
73828
73841
73844
73880
73911
73933
73970
73993
74030
74070
74072
74084
74098
74125
74178
74204
74209
74227
74247
74275
74284
74286
74310
74311
74333
74338
74349
74359
74386
74391
74392
74405
74407
74437
74455
74510
74518
74567
74573
74583
74606
74608
74617
74628
74642
74653
74672
74681
74690
74692
74708
74715
74718
74722
74730
74736
74739
74741
74743
74751
74758
74761
74769
74771
74778
74828
74851
74861
74864
74873
74883
74889
74897
74923
74927
74938
74946
74961
74984
74993
75001
75005
75009
75015
75018
75025
75033
75041
75061
75075
75111
75119
75135
75137
75140
75143
75173
75218
75222
75233
75236
75242
75292
75310
75312
75318
75380
75395
75404
75429
75433
75435
75452
75461
75467
75472
75488
75502
75503
75510
75562
75578
75582
75614
75626
75633
75639
75696
75708
75713
75718
75719
75744
75761
75776
75795
75798
75810
75821
75837
75892
75902
75958
75960
76012
76021
76039
76042
76076
76092
76093
76098
76119
76134
76166
76170
76178
76182
76193
76203
76217
76253
76259
76263
76266
76270
76277
76280
76307
76308
76311
76326
76329
76344
76362
76367
76380
76387
76406
76433
76448
76458
76482
76494
76502
76521
76552
76553
76567
76573
76578
76593
76606
76634
76657
76685
76700
76705
76727
76734
76766
76787
76824
76873
76879
76906
76910
76926
76963
76966
76967
76982
77020
77035
77037
77056
77061
77075
77092
77147
77167
77168
77183
77203
77246
77251
77266
77296
77300
77304
77318
77328
77331
77347
77366
77379
77402
77431
77434
77435
77443
77455
77461
77469
77500
77510
77534
77539
77574
77593
77610
77635
77637
77675
77695
77702
77765
77767
77776
77861
77884
77898
77920
77930
77937
77976
78041
78062
78063
78082
78129
78141
78143
78150
78171
78201
78241
78248
78264
78270
78345
78406
78417
78472
78480
78485
78491
78498
78530
78573
78577
78589
78594
78600
78602
78647
78677
78694
78703
78710
78752
78784
78786
78798
78810
78815
78833
78860
78874
78887
78897
78910
78924
78945
78947
78957
78962
78973
78982
78986
78995
79018
79040
79063
79080
79085
79086
79090
79127
79135
79136
79152
79176
79190
79235
79259
79262
79266
79287
79327
79339
79350
79376
79386
79404
79406
79412
79415
79439
79444
79455
79483
79515
79517
79546
79551
79552
79553
79574
79589
79606
79612
79631
79661
79668
79674
79682
79692
79701
79704
79728
79736
79737
79742
79762
79780
79786
79802
79818
79844
79846
79876
79882
79894
79895
79898
79934
80009
80041
80058
80069
80093
80129
80135
80149
80151
80158
80168
80190
80196
80207
80209
80235
80239
80259
80289
80298
80312
80313
80322
80324
80337
80362
80371
80379
80387
80415
80430
80436
80486
80499
80523
80526
80529
80531
80567
80599
80614
80628
80632
80637
80648
80712
80737
80759
80765
80780
80781
80796
80832
80856
80895
80897
80904
80912
80931
80939
80961
80975
80979
81012
81030
81053
81060
81063
81089
81105
81135
81153
81168
81187
81192
81211
81235
81305
81321
81334
81335
81345
81349
81353
81407
81432
81463
81501
81544
81545
81557
81570
81577
81584
81593
81626
81629
81662
81673
81682
81694
81703
81723
81731
81742
81761
81765
81796
81799
81813
81870
81877
81897
81941
81960
81982
81988
81989
82033
82044
82074
82115
82123
82125
82148
82152
82159
82173
82176
82189
82221
82245
82255
82267
82274
82294
82308
82336
82363
82376
82384
82422
82431
82460
82464
82468
82480
82518
82557
82571
82574
82580
82604
82675
82685
82716
82741
82790
82804
82819
82832
82852
82853
82858
82880
82891
82910
82926
82931
82938
82948
82965
82986
82989
82995
83019
83049
83050
83066
83080
83088
83118
83134
83157
83249
83253
83271
83280
83294
83364
83405
83411
83445
83461
83495
83519
83538
83559
83561
83564
83592
83624
83635
83668
83673
83685
83691
83693
83699
83705
83706
83719
83723
83726
83752
83760
83762
83767
83775
83777
83791
83793
83822
83824
83835
83839
83900
83925
83929
83945
83977
83987
84007
84020
84028
84034
84037
84050
84061
84117
84123
84146
84152
84157
84160
84165
84168
84175
84176
84188
84191
84197
84230
84262
84268
84271
84337
84354
84363
84368
84389
84399
84413
84419
84422
84462
84470
84475
84485
84533
84545
84550
84553
84561
84573
84590
84603
84629
84630
84642
84672
84680
84683
84696
84710
84713
84714
84717
84719
84735
84741
84765
84777
84825
84834
84837
84863
84876
84882
84894
84968
84972
84982
84988
84997
85010
85013
85023
85029
85032
85046
85081
85089
85096
85111
85133
85146
